600								
		1		0		36		
		2		0		36
		3		0		36
		4		0		36
		5		38		59
		6		38		59
601								
		1		0		21		
		2		0		21
		3		0		21
		4		0		21
		5		23		45
		6		23		45
602								
		1		0		30		
		2		0		30
		3		0		30
		4		0		30
		5		32		68
		6		32		68
603								
		1		0		36		
		2		0		36
		3		0		36
		4		0		36
		5		38		52
		6		38		52
604								
		1		0		48		
		2		0		48
		3		0		48
		4		0		48
		5		50		74
		6		50		74
605								
		1		0		36		
		2		0		36
		3		0		36
		4		0		36
		5		38		60
		6		38		60
606								
		1		24		61		
		2		24		61
		3		24		61
		4		24		61
		5		0		23
		6		0		23
607								
		1		0		36		
		2		0		36
		3		0		36
		4		0		36
		5		40		61
		6		40		61
608								
		1		0		36		
		2		0		36
		3		0		36
		4		0		36
		5		38		60
		6		38		60
609								
		1		0		48		
		2		0		48
		3		0		48
		4		0		48
		5		49		73
		6		49		73
610								
		1		0		36		
		2		0		36
		3		0		36
		4		0		36
		5		38		74
		6		38		74
611								
		1		0		116		
		2		0		116
		3		0		116
		4		0		116
		5		120		144
		6		120		144
612								
		1		0		48		
		2		0		48
		3		0		48
		4		0		48
		5		50		74
		6		50		74
613								
		1		0		36		
		2		0		36
		3		0		36
		4		0		36
		5		37		85
		6		37		85
614								
		1		0		80		
		2		0		80
		3		0		80
		4		0		80
		5		81		113
		6		81		113
615								
		1		0		34		
		2		0		34
		3		0		34
		4		0		34
		5		35		57
		6		35		57